ALL SOLUTIONS

53287 79216 93418
57823 39814 97612
31894 46825 61729
89413 36475 69271
48139 92176 28573
54736 69712 94813
68317 79324 98521
52468 81493 12796
29743 36718 69514
86317 74392 46591
92347 76381 62584
23974 46915 63817
53647 79612 93814
26179 94138 46537
29347 71368 19564
58219 97234 78631
58732 21796 18493
52873 39814 92617
48931 12976 28573
84139 96172 64573
13876 64825 43927
72961 14983 42586
67831 12895 27493
81367 79342 91546
43279 98215 83617
81367 74392 41596
24397 71368 14569
57364 49318 97216
49327 71386 19582
92743 38761 82564
87136 69145 97243
17836 62845 27943
94327 76381 64582
58264 47239 78136
49723 31786 19582
84931 17962 74563
81394 46375 61279
52648 87631 72934
51289 93274 31678
97432 26485 67183
86713 34792 46591
26971 14938 46537
97234 48265 87163
54637 79612 94813
48931 17926 78523
94723 36781 64582
93472 26485 63187
58219 93274 38671
21796 64735 41839
47932 28915 87613
89413 37465 79261
18763 32749 28546
26179 93148 36547
83149 97162 73564
38941 16927 68524
76129 94183 46582
81394 47365 71269
42397 71386 12589
57364 41398 17296
26971 13948 36547
16387 74329 46528
63178 89125 93427
27961 13948 37546
54736 61792 14893
34981 16927 64528
69217 78235 89431
71296 64285 41389
68713 39724 98521
49723 38716 89512
94723 38761 84562
52846 67831 72934
47239 98215 87613
39418 82465 29761
51289 97234 71638
59641 17638 79234
92347 78361 82564
59821 13876 39472
56914 43972 36871
62179 93184 32587
83941 16972 63574
67831 19825 97423
59128 83176 39472
67138 89125 97423
51964 47932 71836
87631 19645 97243
67921 13984 37582
52891 17836 72439
54196 63178 34279
54637 71692 14893
43189 92176 23578
57823 31894 17692
49318 82375 29671
56482 27439 76138
43189 97126 73528
13678 84625 43927
83941 17962 73564
76921 14983 46582
87136 64195 47293
29716 64735 49831
29617 73645 39841
61297 73285 31489
56914 47932 76831
61297 78235 81439
76921 18943 86542
56824 49813 96712
56374 49318 96217
68317 72394 28591
71296 68245 81349
27934 46915 67813
58912 27934 78631
61792 28735 81439
57328 89314 97612
81493 36475 61279
71692 28645 81349
56824 41893 16792
29716 63745 39841
54826 67831 74932
58237 79216 98413
42793 38716 82519
41398 82375 21679
83176 64195 43297
58462 23479 38176
61783 32794 21598
52864 49813 92716
49813 32875 29671
61783 39724 91528
56419 93472 36871
52378 89314 92617
79216 68245 89341
79612 28645 89341
38149 96127 68524
24397 76318 64519
63178 82195 23497
43972 21985 13687
51469 93472 31876
27439 91465 17863
17836 64825 47923
72961 18943 82546
62971 18934 82537
43981 12976 23578
52846 63871 32974
54286 69217 94318
54196 67138 74239
58237 71296 18493
69712 23785 39481
81493 37465 71269
59146 63178 39274
62971 13984 32587
61387 79324 91528
84931 16972 64573
76129 98143 86542
54682 29617 94318
89314 47365 79261
69712 28735 89431
81763 39742 91546
54826 63871 34972
61792 23785 31489
16783 34729 46528
67921 18934 87532
51964 43972 31876
58732 29716 98413
83671 19645 93247
57328 81394 17692
56419 97432 76831
23479 96415 63817
53782 21796 13498
21796 63745 31849
83149 96172 63574
79612 24685 49381
52198 83176 32479
54628 87631 74932
81763 34792 41596
34189 92167 24568
27961 14938 47536
21697 74635 41839
24793 36718 64519
29743 31768 19564
56284 43279 36178
61387 72394 21598
51982 27934 71638
27934 41965 17863
27439 96415 67813
43981 17926 73528
56473 39418 96217
69217 73285 39481
42793 31786 12589
52891 13876 32479
56482 23479 36178
34189 96127 64528
89314 46375 69271
58912 23974 38671
18367 74329 48526
47932 21985 17683
56284 47239 76138
97432 28465 87163
16387 72349 26548
23479 91465 13867
16783 32749 26548
54286 61297 14398
63871 19825 93427
84139 97162 74563
94327 78361 84562
52873 31894 12697
13876 62845 23947
54691 17638 74239
54628 83671 34972
43279 91285 13687
63871 12895 23497
41893 32875 21679
59128 87136 79432
39814 46825 69721
68713 32794 28591
47239 91285 17683
52864 41893 12796
53782 29716 93418
83671 14695 43297
13678 82645 23947
93472 28465 83167
21697 73645 31849
39418 86425 69721
52198 87136 72439
58642 29617 98314
59821 17836 79432
38149 92167 28564
49813 37825 79621
54691 13678 34279
93274 48265 83167
53647 71692 13894
42397 78316 82519
24793 31768 14569
67129 93184 37582
58462 27439 78136
59146 67138 79234
86317 79342 96541
52378 81394 12697
31498 82465 21769
59641 13678 39274
39814 42865 29761
56428 81493 16792
67138 82195 27493
93274 46285 63187
67129 98134 87532
27169 94138 47536
27169 93148 37546
23974 41965 13867
18763 34729 48526
62179 98134 82537
51982 23974 31678
29617 74635 49831
41398 87325 71629
49327 78316 89512
83176 69145 93247
56473 31498 16297
58264 43279 38176
92743 36781 62584
57463 31498 17296
58246 61297 18394
38941 12967 28564
51469 97432 71836
72169 98143 82546
17638 82645 27943
71692 24685 41389
97234 46285 67183
31894 42865 21769
17638 84625 47923
87631 14695 47293
52648 83671 32974
53287 79216 93418
57823 39814 97612
31498 86425 61729
54682 21697 14398
57463 39418 97216
18367 72349 28546
53746 61792 13894
72169 94183 42586
48139 97126 78523
86713 39742 96541
41893 37825 71629
29347 76318 69514
34981 12967 24568
53287 71296 13498
49318 87325 79621
43972 28915 83617
56374 41398 16297
52468 89413 92716
79216 64285 49381
58246 69217 98314
53746 69712 93814
There are 288 solutions